1997132544
9187687861
9291911885
9191139175
8897767119
2164324876
8396121234
7788729532
9193200175
4989168819
2498424927
6791898777
4799318565
9392131185
7791952385
8481743106
2781245657
1797128534
1691680442
3189313591
3198739588
5197927884
7399450466
2797336188
6684385648
1697925002
6294820211
6593292736
9591381657
6398494124
6696012156
8699838439
4598515443
9391971981
8198849346
6385007967
4398291883
3194074510
9180750156
9193179251
9884171163
1983107278
1497559558
1691811209
3299950805
4399109750
1797039036
9884328095
1381014329
4196753541
5481057692
4399469878
9982528457
4891374037
5195866008
4896267788
1897215397
5596381917
6192983345
1898158179
4899005510
3388439161
9191993616
8182794233
4192254441
3599425294
9491797599
1681770707
5195351430
2199334002
7588852167
6796150081
6392961146
8596343177
5374007861
1199925749
3392321658
4799936363
8186089917
6296916425
6392917072
7798320791
8184927390
1897786727
1999103234
1161882783
1497354723
8399442906
9598115653
8192515952
1899619022
5499671120
5499912328
7491086733
5399172670
3291507843
1182531612
2792755472
2797680050
6782002969
3171759818
1691233996
3788468920
9198158399
6499492230
8199177533
6281313711
5196867817
8287890355
8192455575
8798162391
1186962175
8185560156
1396634022
3195361076
6692021855
5481100109
8196869640
6293609986
5591119722
1496232032
1983240199
9581137328
5597072114
1195758592
6184183718
5596331563
7183926851
4699262548
6284667916
5599192239
1170646936
9591337058
6784214751
4188988898
1796157195
2296149836
1180282814
3185198448
6992164619
3798445796
1897874144
5195450685
1297182707
4788102612
6499480680
5198047287
1183852976
8597573578
3185114626
2292469257
7191160830
9581020156
5499654840
5182988161
8798190427
8198932834
8586010075
6299309031
6796993422
4884597595
5198328900
1165685707
1896239881
4195649980
1596824851
6196646463
1993940468
1167283424
4196682345
8488852653
5596862301
4896585502
1197395972
5596898617
9884147988
1189185580
4899048646
4498258039
4788126094
6392380081
2179897839
3499929758
1181613271
1184317193
5192035494
5596435052
1693535527
6798667866
9493017665
7185232675
3491025830
3598628276
7998632406
5599655509
3186581419
8296232974
3198904517
3384102715
6291421697
1598160078
1183494027
4498195210
1176748564
6293213668
1296160477
9384150719
6192974949
6784784916
3193564513
4187601395
1999011893
1987023947
7186551186
4791146750
5197977741
4298417119
9492168680
9581108488
8496081083
2199078071
4398278447
3598696663
8896290261
5384092717
6599033025
7183596399
7181762169
6182498724
2796575440
9881672899
7799686418
7599873509
1984044275
2798887048
4484323392
1699735677
7999459841
3496471559
9781188773
5496847777
3288016850
3599488615
8188681514
5381042918
1999964875
3398246942
3196944502
1597090413
8582024570
4791659097
3399633259
1195754694
3194096083
4991982377
2799630238
7399385301
4796544136
1398190765
5597055652
8581759602
5185463680
6191614357
7186551186
1163335760
7799335421
6191108732
3499704226
2198025566
9892318519
6299139383
6499888483
9887073378
4792582872
1291801291
4896961692
1491716727
7781027075
8592693291
4396604268
8591842660
2297094215
6684136475
1692933435
4195662457
6584668395
8197222881
8897274673
6899639180
1497184862
8491774229
5193209033
7188666971
1185150747
4198833785
1798814451
3189752730
7381709223
8296559846
5182351766
1399721814
8196976874
6293802031
3899611896
3391917065
3597369867
7583198046
7981505313
8198501314
7181684693
6198583649
3299242851
6194426635
1174181556
8699700140
6792618082
3791467271
5198487618
1781504738
6199313057
1181904645
6993055751
5180204715
2798165385
3183318526
6182574145
3196929408
3191776444
9779988413
6993965346
5596284728
2164452992
3798331030
8591711152
5581340566
1497902694
7391912248
8181633851
4796369607
3399703849
4299759393
2281394011
1496165584
7193024038
6198474442
1896764077
6684379564
2182201383
8399057282
1997583762
6381377583
4791911801
1171929387
8598470907
7192281356
5185177691
1192105740
6696177409
6199296376
4788751447
2191086082
3299936555
4498308485
2199298748
6596945361
4891065593
2169713486
2792919151
1192322106
2181545809
5584531576
1194122929
7187924610
8585676393
1288151643
2796289115
9188193683
6198271775
4998291622
7388883866
1183171785
6481418012
4188355322
5492246127
6185292014
3175472503
3187680430
3199069316
3499921484
3192208994
6592935775
3798079316
7186374805
6484534989
3398713054
9198330430
5199007674
8181091910
8199999999
1998431617
8899136008
7188810831
8584048593
3599220904
4199842741
3899833752
3488635932
3598935297
8592347412
9193066770
4699806040
6791653624
4199564829
8196361367
7581062217
8487630438
8695712937
7998223599
8799303031
3599640353
7191315264
7792213342
3189853076
8488807303
8587996020
4599485067
4792405728
6581504153
2169763151
5493213905
2195235609
4184702209
2281375995
6293704588
1191238178
3898983005
2492637177
2197272451
1166262292
8282122981
6696162608
4788058299
8179152370
2198462262
7799525880
6782145948
6282198232
7183001680
1197804748
2292562330
4598478183
4198618087
8892900245
6799428182
2499181297
5496242982
6793080059
1694002493
1692359291
6384647287
4797839232
1198137457
8587766607
9192440844
1198569636
3195367848
3798010200
8586500907
1999656893
3498624220
8496444904
1179794448
1999330882
8191611869
9181176338
8381354371
6596372088
8183615510
9182187452
4484456573
7798399901
1167141116
4799419026
1195628785
5186121344
7188308119
2499256771
2168585812
7197244553
1166232404
2299759502
4499750506
4398722585
7781412987
8899114615
5591915548
1597038654
3195786500
2797396316
8597886188
1160165852
4299986793
8196000293
3191850775
9186102733
1188635384
1191932063
3899551369
1288245684
6299777162
3195071821
1278120714
9298468572
1172474549
1498140776
1996011300
4499218716
6798914063
7581918762
6799459559
4792418822
8396338002
8396571717
9181359699
6993055575
1981405076
6198452774
1396634936
1993482652
1598266105
