9299185736
4991384769
9285438728
1691508782
8594125798
3182351062
3182939045
4396773840
5499731526
1194279333
7582206113
9493018216
6292006866
5384857450
8896984783
5484157832
5596076584
3899724545
1982282381
1397451802
8185991506
6298533342
5596059806
3491763010
1488261195
9884532878
3193800131
4799850749
1693371445
5491781187
2792555831
6796378964
6492106692
6493260746
6993599865
2197150827
4796185796
3599812452
6799628448
8695465436
2199361453
6196923690
2799880016
1182113040
4699238756
1881238674
4998885401
6292385022
5496949474
4484212548
4498615856
3192268090
4988289774
1288995531
3181200858
5596560011
1891213160
7192774425
9391895561
6196922418
3799563256
8486215580
1173013805
3592009088
8592512148
6294716863
3588813041
8899955304
3498334226
3193867580
3496671457
4498272866
9392170683
3298424569
9391818828
8288126742
9180327100
8198265835
8897354911
6194294558
8185198572
9492845095
6592473636
1197490910
9284719112
4499270320
4797807219
5496730958
4984277435
9591392660
4784960094
7999960699
1282798820
2781399683
7798650413
8399066283
6684388640
8296381941
3193954384
2182029155
5597237541
6992472135
5596304457
2197476456
1172412000
6192606859
4396674104
3171243602
3199838896
1195930107
3193856154
6294954766
5499535752
9191319873
4396745060
1488280517
2798878063
1291654183
5199696015
6792143844
8386128033
4999489793
5496442474
6781463777
4991087602
4792616651
5499183837
5195037442
5497033483
8388998776
6291664937
7183225201
8881407826
2186920024
6292870659
2899154222
8296847767
1169001551
4599929378
3399629762
5596330481
6781069911
6299081474
6284924013
4896377025
1992964773
4197548454
1283148042
6799296535
1596514518
9984352050
3599898065
4888231981
4188958839
7398810961
2799133018
6492706925
3898690848
6993366311
2199576428
8893030692
3195555096
4797180662
8189903460
1198207845
1166174345
1297177240
5599497378
6798428642
4896358621
4988579111
6191450375
3891555917
6295397513
2488682003
5496537546
6484326226
3299041351
2481698150
8387355070
1596125409
6796242757
4999468181
4399365927
4184295275
3891058392
5199939466
4784823369
5499271355
3192954342
1998549807
6791298759
5183009939
5182934200
4391344211
4888482552
4991215311
3492438295
4999776589
8281300510
6792484987
3899179626
1996886590
1797468771
3599421121
8494184537
4898573204
6596432417
4288345161
6593091155
2299004913
2498438961
5599813809
8198137739
5499346344
1173593300
4991933179
4398698110
4891479677
3173265553
4196981669
8387909397
1792165990
8387060842
5596657795
1983334006
1596762885
7399835240
4396560145
1282372994
8585287649
4896262135
8487353184
4799194766
6993890642
3191882399
5384595084
4499870846
7999609279
4195969711
3598225146
1298218940
1992708814
3597101061
9991395685
2298845218
2170289555
6292942987
4498533389
1282500490
1898054917
3788384737
9991834461
5192000300
5192971837
1169352795
2297489631
1381786917
6186523007
1996776657
6696238728
1998710362
3192118161
4197246576
3398229940
3799296781
6193077601
1792477943
7591080358
4796645454
1174363403
1182496094
1697382412
6291798239
1697236890
3184201212
5195284309
4196310015
5391482282
8488238797
8298401201
5599529597
8597621219
4197809291
3192528650
4499923699
8695554895
1195808102
7183914543
6481333771
2187275514
1591854584
4198312445
3171402214
3799164915
8599264988
2190563397
3499792435
1596514530
4792669666
6692148123
2177357763
6286478010
1288707723
2164971901
2170456289
6892185257
4391632004
7999777016
3491904715
4199091978
1697276090
6193543975
1994216897
4797886351
4497563218
1987162889
1388065399
6385023250
1499017641
4196395370
7788751501
3288925984
5499400171
5499913937
6291187997
2281545326
1191388627
3898416172
4187346125
4599808919
3398174769
1391306646
4184967330
5399382555
6999176080
2195946403
2198089735
5591945441
5195681410
1797647704
8388285778
1896656200
8592619732
5499787347
4399605240
7988231665
3184447407
8596362720
1598518608
3186700717
3488750113
4799999999
6796638052
7592055604
5599191490
3492490932
6793303632
2299497847
4792783293
6699738699
4598342102
4497169849
6391784797
9391462006
5197857163
1898161976
3183808642
1198295519
4499853807
6793374585
3198898691
2164717945
1188029708
4187794231
6984256346
3491120936
5492104136
3183416961
3199682513
3199356647
4298121618
7198655756
6984836377
1183312669
6992204222
6596031299
4498489827
1163040472
8681666359
1897732814
6799827141
1183025951
8494537833
2788888841
7197355666
4789142443
1498451512
6499916421
2799422203
1195471279
6299565465
8588195550
1597067476
5191744546
2899523438
2292066579
4588097131
4792783303
2297572782
3199916649
4391192532
2798026388
5498114360
1172467116
3189548549
5196688463
4799321676
6881109307
6195696883
4298453167
6492081647
1897053245
1491993299
8196920566
5481146874
8599054128
3199502780
4797884451
3484016960
1183297686
6892185949
6999319955
5182121164
6996075006
9591630088
3194682757
5189989618
3193592220
3599353970
4196337527
5596701283
4899173765
4891065791
3598450247
5599146095
3588519091
1693092989
6292138051
5596204181
8173414990
5181502916
1488173671
1165384195
4195717107
6798156493
4198884544
8396022658
7197314168
7582287164
4989185474
4599989392
4195473743
9985394856
6195806590
6384543604
6696176199
6294952332
4784596581
8185400069
4796155356
5191764009
1792376464
1186400598
6192980278
2492436732
4499464892
1971586603
